,residential and commericial development,agriculture and aquaculture,energy production and mining,transportation and service corridors,biological resource use,human intrusions and disturbance,natural system modifications,"invasive and other problematic species, genes and diseases",pollution,geological events,climate change and severe weather,other/unknown,TOTAL
fungi,181,210,33,65,210,85,196,101,91,2,157,5,1336
animalia,5413,8802,2794,1889,8370,1987,5932,5667,5413,332,4718,96,51413
plantae,8005,19082,4971,2772,13015,1759,7229,3691,797,653,3340,263,65577
chromista,0,0,0,0,0,0,0,5,0,0,6,0,11
TOTAL,13599,28094,7798,4726,21595,3831,13357,9464,6301,987,8221,364,118337
